13 14
-5.1475 -0.411813 1  0
-5.1475 -0.331813 1  0
-5.1475 -0.251813 1  0
-5.1475 -0.171813 1  0
-5.1475 -0.0918128 1  0
-5.1475 -0.0118128 1  0
-5.1475 0.0681873 1  0
-5.1475 0.148187 1  0
-5.1475 0.228187 1  0
-5.1475 0.308187 1  0
-5.1475 0.388187 1  0
-5.1475 0.468187 1  0
-5.1475 0.548187 0  0
-5.1475 0.628187 0  0
-5.0675 -0.411813 1  0
-5.0675 -0.331813 1  0
-5.0675 -0.251813 1  0
-5.0675 -0.171813 1  0
-5.0675 -0.0918128 1  0
-5.0675 -0.0118128 1  0
-5.0675 0.0681873 1  0
-5.0675 0.148187 1  0
-5.0675 0.228187 1  0
-5.0675 0.308187 1  0
-5.0675 0.388187 1  0
-5.0675 0.468187 1  0
-5.0675 0.548187 0  0
-5.0675 0.628187 0  0
-4.9875 -0.411813 1  0
-4.9875 -0.331813 1  0
-4.9875 -0.251813 1  0
-4.9875 -0.171813 1  0
-4.9875 -0.0918128 1  0
-4.9875 -0.0118128 1  0
-4.9875 0.0681873 1  0
-4.9875 0.148187 1  0
-4.9875 0.228187 1  0
-4.9875 0.308187 1  0
-4.9875 0.388187 1  0
-4.9875 0.468187 1  0
-4.9875 0.548187 0  0
-4.9875 0.628187 0  0
-4.9075 -0.411813 1  0
-4.9075 -0.331813 1  0
-4.9075 -0.251813 1  0
-4.9075 -0.171813 1  0
-4.9075 -0.0918128 1  0
-4.9075 -0.0118128 1  0
-4.9075 0.0681873 1  0
-4.9075 0.148187 1  0
-4.9075 0.228187 1  0
-4.9075 0.308187 1  0
-4.9075 0.388187 1  0
-4.9075 0.468187 1  0
-4.9075 0.548187 0  0
-4.9075 0.628187 0  0
-4.8275 -0.411813 1  0
-4.8275 -0.331813 1  0
-4.8275 -0.251813 1  0
-4.8275 -0.171813 1  0
-4.8275 -0.0918128 1  0
-4.8275 -0.0118128 1  0
-4.8275 0.0681873 1  0
-4.8275 0.148187 1  0
-4.8275 0.228187 1  0
-4.8275 0.308187 1  0
-4.8275 0.388187 1  0
-4.8275 0.468187 1  0
-4.8275 0.548187 0  0
-4.8275 0.628187 0  0
-4.7475 -0.411813 1  0
-4.7475 -0.331813 1  0
-4.7475 -0.251813 1  0
-4.7475 -0.171813 1  0
-4.7475 -0.0918128 1  0
-4.7475 -0.0118128 1  0
-4.7475 0.0681873 1  0
-4.7475 0.148187 1  0
-4.7475 0.228187 1  0
-4.7475 0.308187 1  0
-4.7475 0.388187 1  0
-4.7475 0.468187 1  0
-4.7475 0.548187 0  0
-4.7475 0.628187 0  0
-4.6675 -0.411813 1  0
-4.6675 -0.331813 1  0
-4.6675 -0.251813 1  0
-4.6675 -0.171813 1  0
-4.6675 -0.0918128 1  0
-4.6675 -0.0118128 1  0
-4.6675 0.0681873 1  0
-4.6675 0.148187 1  0
-4.6675 0.228187 1  0
-4.6675 0.308187 1  0
-4.6675 0.388187 1  0
-4.6675 0.468187 1  0
-4.6675 0.548187 1  0
-4.6675 0.628187 0  0
-4.5875 -0.411813 1  0
-4.5875 -0.331813 1  0
-4.5875 -0.251813 1  0
-4.5875 -0.171813 1  0
-4.5875 -0.0918128 1  0
-4.5875 -0.0118128 1  0
-4.5875 0.0681873 1  0
-4.5875 0.148187 1  0
-4.5875 0.228187 1  0
-4.5875 0.308187 1  0
-4.5875 0.388187 1  0
-4.5875 0.468187 1  0
-4.5875 0.548187 0  0
-4.5875 0.628187 0  0
-4.5075 -0.411813 1  0
-4.5075 -0.331813 1  0
-4.5075 -0.251813 1  0
-4.5075 -0.171813 1  0
-4.5075 -0.0918128 1  0
-4.5075 -0.0118128 1  0
-4.5075 0.0681873 1  0
-4.5075 0.148187 1  0
-4.5075 0.228187 1  0
-4.5075 0.308187 1  0
-4.5075 0.388187 1  0
-4.5075 0.468187 1  0
-4.5075 0.548187 1  0
-4.5075 0.628187 1  0
-4.4275 -0.411813 1  0
-4.4275 -0.331813 1  0
-4.4275 -0.251813 1  0
-4.4275 -0.171813 1  0
-4.4275 -0.0918128 1  0
-4.4275 -0.0118128 1  0
-4.4275 0.0681873 1  0
-4.4275 0.148187 1  0
-4.4275 0.228187 1  0
-4.4275 0.308187 1  0
-4.4275 0.388187 1  0
-4.4275 0.468187 1  0
-4.4275 0.548187 1  0
-4.4275 0.628187 1  0
-4.3475 -0.411813 1  0
-4.3475 -0.331813 1  0
-4.3475 -0.251813 1  0
-4.3475 -0.171813 1  0
-4.3475 -0.0918128 1  0
-4.3475 -0.0118128 1  0
-4.3475 0.0681873 1  0
-4.3475 0.148187 1  0
-4.3475 0.228187 1  0
-4.3475 0.308187 1  0
-4.3475 0.388187 1  0
-4.3475 0.468187 1  0
-4.3475 0.548187 0  0
-4.3475 0.628187 0  0
-4.2675 -0.411813 1  0
-4.2675 -0.331813 1  0
-4.2675 -0.251813 1  0
-4.2675 -0.171813 1  0
-4.2675 -0.0918128 1  0
-4.2675 -0.0118128 1  0
-4.2675 0.0681873 1  0
-4.2675 0.148187 1  0
-4.2675 0.228187 1  0
-4.2675 0.308187 1  0
-4.2675 0.388187 1  0
-4.2675 0.468187 1  0
-4.2675 0.548187 0  0
-4.2675 0.628187 0  0
-4.1875 -0.411813 1  0
-4.1875 -0.331813 1  0
-4.1875 -0.251813 1  0
-4.1875 -0.171813 1  0
-4.1875 -0.0918128 1  0
-4.1875 -0.0118128 1  0
-4.1875 0.0681873 1  0
-4.1875 0.148187 1  0
-4.1875 0.228187 1  0
-4.1875 0.308187 1  0
-4.1875 0.388187 1  0
-4.1875 0.468187 1  0
-4.1875 0.548187 0  0
-4.1875 0.628187 0  0
